48
63 44
72 89 62
35 15 83 94
5 0 45 27 84
19 16 58 68 58 9
70 56 53 37 0 39 52
24 1 69 57 23 14 40 76
5 91 39 59 50 13 78 31 20
59 36 98 18 20 42 21 42 86 17
50 18 54 0 22 82 68 12 36 70 20
25 66 20 71 62 18 30 64 0 66 18 18
23 52 66 27 19 68 59 27 27 63 97 82 84
42 62 89 24 97 76 28 42 10 37 14 59 23 98
2 47 71 64 50 62 33 67 54 53 10 4 33 0 25
43 96 3 70 62 88 2 24 66 51 78 52 48 28 58 38
55 16 22 43 0 37 80 78 38 17 49 48 14 4 86 75 88
79 32 22 12 29 30 55 99 36 47 52 13 41 76 64 52 10 3
49 44 53 81 61 75 53 3 94 0 52 97 81 83 36 93 32 91 0
66 4 49 36 31 93 4 66 84 71 91 23 72 23 83 16 74 28 14 70
82 0 81 2 60 15 49 39 68 58 47 5 32 74 61 70 15 68 30 61 43
70 1 20 31 7 45 84 63 7 78 35 36 90 83 60 55 46 62 54 18 49 32
64 0 10 38 71 19 97 73 7 96 38 37 52 18 10 59 63 71 48 80 28 84 63
42 43 59 85 69 20 80 93 15 37 5 59 66 79 11 52 55 44 23 1 69 43 78 24
15 63 58 77 51 51 41 16 60 51 19 85 67 27 92 94 46 65 87 73 6 33 95 24 63
41 9 30 94 11 39 32 87 51 72 89 28 85 28 9 91 69 64 52 12 27 79 35 43 2 7
64 37 97 95 62 13 68 9 53 68 77 69 3 45 10 10 77 31 56 58 61 9 47 0 76 99 41
65 41 85 45 92 49 53 80 47 86 13 18 44 34 82 52 24 46 43 62 96 44 64 60 53 10 56 22
34 84 29 81 17 8 84 6 75 90 67 54 23 64 80 24 85 30 21 97 96 74 28 62 28 42 50 81 54
58 35 27 56 37 30 34 41 28 64 50 91 98 82 50 46 36 36 48 64 72 8 43 4 78 20 74 89 71 66
25 97 74 70 8 58 82 17 12 64 97 45 47 8 62 32 20 22 93 63 11 42 41 92 51 66 93 4 85 72 24
99 63 98 14 69 59 28 15 23 52 41 18 19 58 15 36 38 69 33 0 8 22 35 91 69 36 24 46 94 73 35 51
30 53 77 33 53 10 39 76 4 82 18 64 59 8 87 27 55 93 12 17 15 35 37 96 30 76 72 22 92 73 50 43 75
3 14 5 84 67 59 93 67 5 73 67 20 75 29 23 72 43 84 32 80 28 42 72 24 19 36 37 49 57 91 93 5 62 48
96 16 72 23 99 73 34 99 99 38 28 72 25 45 16 59 81 27 3 30 25 71 54 53 58 77 41 77 11 69 25 33 55 32 15
95 65 74 96 81 67 97 84 48 55 93 87 82 75 97 58 88 93 43 61 59 94 28 81 77 56 7 97 59 17 68 98 95 48 93 40
89 36 21 1 62 56 1 85 13 79 80 68 0 47 59 27 50 30 46 33 97 56 2 2 68 32 72 67 84 55 83 9 44 46 70 45 73
29 65 25 7 85 34 48 71 31 87 88 94 24 16 85 73 79 35 51 42 26 93 49 2 22 99 32 93 81 53 50 66 76 64 52 90 92 62
40 32 26 73 57 87 8 60 97 24 62 74 81 86 60 45 39 52 61 42 60 42 77 61 54 48 44 27 17 29 30 32 7 99 43 43 6 61 4
88 65 42 92 6 63 32 70 82 15 22 24 52 26 62 69 5 0 80 93 46 1 95 33 41 53 45 2 78 78 96 30 63 25 28 74 24 1 72 99
75 32 68 72 33 62 41 50 91 43 20 3 68 76 22 74 71 21 74 76 81 38 35 23 1 70 9 14 44 17 42 65 88 2 92 76 52 75 78 48 79
37 79 79 62 21 12 93 56 57 56 71 73 73 40 27 30 98 9 14 69 44 18 62 1 60 59 73 18 93 14 19 79 17 14 44 80 60 86 61 78 80 50
89 94 40 57 9 15 2 97 78 48 21 4 63 82 64 71 37 66 61 94 23 56 54 83 99 29 66 17 76 71 2 33 58 63 6 91 75 6 98 56 60 29 5
51 88 32 65 39 26 49 99 20 43 3 34 70 6 94 31 31 24 14 43 3 92 57 56 54 39 73 87 91 62 99 75 61 36 77 75 44 88 67 34 57 8 71 84
74 43 26 54 33 22 31 23 80 49 39 25 47 54 67 79 41 87 31 93 68 28 35 66 57 73 48 31 1 98 20 72 99 34 19 55 82 33 75 34 26 84 27 54 64
0 92 7 87 51 0 23 50 64 69 86 46 35 39 77 60 0 86 18 66 85 67 92 68 7 56 24 72 58 75 15 25 68 40 60 68 71 76 14 29 92 67 87 44 29 77
60 62 8 65 22 94 78 94 50 30 46 88 49 3 13 75 14 84 20 11 88 88 82 73 57 6 40 25 5 99 75 37 66 99 12 50 11 68 40 85 8 60 47 6 53 61 27
21 30 4 30 46 8 72 0 67 93 13 11 92 0 37 54 44 64 18 29 91 83 98 23 12 55 65 66 94 64 46 0 70 37 77 58 12 5 39 66 55 82 14 38 10 52 12 5
70 5 97 51 34 37 27 88 35 98 67 14 4 14 40 10 37 11 98 58 88 73 1 62 41 51 37 57 85 21 12 88 6 58 98 97 94 93 5 62 41 50 4 25 24 19 34 15 28
2 37 60 48 50 23 82 81 44 14 40 96 56 96 24 41 78 35 44 19 11 4 17 99 34 53 85 91 3 17 62 64 67 64 86 11 43 1 78 22 79 44 35 79 71 64 87 47 87 50
89 65 32 0 37 68 8 42 19 47 6 75 88 29 4 72 62 30 63 45 76 13 37 53 29 6 75 81 76 47 97 52 97 68 14 2 23 9 40 3 66 2 9 8 91 70 37 9 80 35 76
5 58 37 96 47 19 85 56 30 32 2 9 77 55 61 78 30 10 6 79 68 60 27 26 34 45 32 89 99 30 36 72 89 3 71 88 16 93 61 83 56 4 40 70 1 18 22 4 14 19 87 64
73 11 10 18 40 70 58 65 74 78 23 73 56 20 43 16 82 79 25 50 94 93 68 49 76 45 21 52 73 16 59 28 30 88 95 46 51 0 69 16 98 49 22 54 78 20 17 41 70 96 88 2 16
39 15 98 74 77 5 50 76 11 39 39 86 43 23 44 9 17 81 87 7 83 44 11 68 15 8 58 33 89 16 96 67 60 97 56 95 18 10 91 29 55 50 40 23 99 76 33 54 24 98 13 81 24 54
87 69 9 96 84 13 50 5 26 34 70 93 99 86 99 45 37 92 89 65 28 12 82 52 46 69 85 71 19 79 27 70 36 18 67 71 47 7 23 37 17 41 44 24 45 85 97 16 53 23 83 64 30 44 38
50 53 50 1 53 16 23 86 94 1 18 27 39 85 30 11 37 70 17 10 74 31 66 89 53 4 61 27 86 6 84 88 38 96 58 59 35 37 31 87 8 90 85 84 1 1 92 0 34 51 82 17 58 55 47 0
62 40 15 17 52 73 40 40 88 57 12 23 30 2 4 38 10 3 60 19 48 57 84 36 87 18 59 44 53 57 74 9 73 35 67 43 26 35 1 29 32 74 12 78 18 26 63 65 75 60 26 10 73 1 57 88 12
74 56 43 63 88 56 23 85 59 25 59 47 95 49 0 91 58 3 27 66 45 26 30 87 37 56 32 56 70 89 91 81 6 29 2 99 73 69 25 83 81 55 28 8 66 76 90 15 44 73 2 51 32 10 99 6 42 77
73 8 68 70 39 14 60 55 50 34 87 73 88 69 26 72 75 93 24 12 52 14 54 76 63 93 95 11 21 57 55 90 61 98 34 25 94 47 35 42 58 91 55 44 8 61 9 25 78 22 47 56 5 43 38 14 63 55 1
48 59 7 12 61 57 74 84 83 13 41 86 93 78 52 41 10 8 49 61 80 31 89 6 48 51 14 26 79 53 2 31 99 88 91 45 85 88 87 40 46 92 58 83 20 19 78 19 19 58 75 52 29 57 85 91 99 16 88 61
42 9 22 96 3 75 71 66 63 67 46 15 79 91 52 17 56 79 80 96 54 64 22 96 31 69 88 82 43 30 11 35 27 39 10 80 39 57 98 19 89 44 71 67 2 73 14 92 96 41 36 90 61 31 22 95 18 94 43 12 66
13 69 32 79 72 67 61 33 18 29 12 11 93 37 48 30 63 64 35 24 38 55 33 6 38 76 20 99 8 22 25 37 59 52 35 41 63 1 52 39 41 46 22 8 86 25 1 37 89 75 12 97 44 0 26 86 87 86 91 85 67 56
20 80 66 6 22 98 92 55 20 2 48 31 35 32 37 35 31 62 75 29 46 6 54 97 57 98 64 18 43 84 84 70 45 52 23 46 12 85 36 78 66 39 1 38 48 64 68 82 14 32 68 12 1 16 12 3 77 72 86 55 18 97 42
12 29 91 50 88 37 86 10 30 53 96 21 17 70 43 54 51 60 41 97 91 81 70 78 25 47 37 93 37 71 15 89 9 56 93 67 65 9 78 50 74 75 42 96 3 19 9 7 65 56 79 27 13 54 28 33 29 78 73 21 52 34 23 74
54 85 0 45 95 56 40 68 55 32 21 13 32 36 55 56 38 72 23 35 61 84 11 76 4 62 0 9 4 55 60 87 19 53 11 33 44 94 69 29 21 57 52 25 49 82 9 32 23 12 45 56 68 23 87 12 77 29 5 86 85 90 27 10 7
87 62 95 39 99 68 24 67 22 85 4 16 43 21 79 59 1 54 76 39 95 10 35 25 36 66 76 64 71 7 27 87 44 72 39 12 19 65 98 90 74 95 14 31 5 25 54 48 23 71 1 87 68 62 43 40 18 54 75 96 26 76 28 86 47 74
69 15 94 97 77 2 81 89 75 45 90 17 59 87 73 91 29 15 98 75 55 81 92 24 87 0 19 43 71 49 13 45 96 60 1 31 67 50 28 17 58 26 0 84 60 88 59 17 36 22 61 64 52 97 73 9 39 34 6 59 67 48 85 15 1 68 66
68 63 67 47 17 61 42 97 26 81 94 18 89 40 10 82 65 85 24 11 34 64 58 55 17 45 31 80 1 48 53 54 95 77 12 5 82 6 25 3 24 0 82 70 82 3 3 59 51 90 57 18 25 50 38 78 20 80 17 61 3 85 17 73 4 98 38 7
56 33 7 88 81 67 71 42 94 62 11 21 17 79 1 87 59 0 92 75 40 44 95 77 73 23 27 3 68 65 17 56 55 68 41 14 86 57 58 87 71 21 83 24 88 93 36 37 56 88 74 98 98 41 24 56 3 80 47 85 26 98 21 60 19 21 42 40 82
59 59 68 51 52 36 61 51 15 14 5 0 36 98 79 21 48 9 41 29 54 13 97 35 74 21 49 68 21 66 6 5 60 33 38 48 54 61 82 18 61 25 15 3 77 3 63 89 83 50 12 70 29 54 36 18 8 54 16 78 20 53 47 8 88 22 76 23 40 34
69 50 23 56 34 57 11 1 16 51 57 82 62 8 43 68 31 91 92 35 44 29 2 7 33 62 75 91 83 72 78 39 68 54 42 89 23 77 97 84 95 71 23 39 51 25 94 21 68 91 82 5 79 24 94 4 87 68 18 63 82 71 84 40 88 62 33 5 65 85 73
97 81 56 83 98 58 19 60 76 45 10 95 4 65 5 82 25 73 45 51 56 10 72 94 74 98 27 32 56 80 63 5 22 20 66 24 66 36 80 51 33 32 42 50 8 67 18 96 52 67 29 93 34 91 11 43 39 28 45 20 45 85 28 10 81 85 49 62 73 88 49 87
0 71 53 63 16 96 72 32 83 5 37 77 95 80 19 8 61 52 91 36 97 28 17 52 53 65 6 42 27 11 30 94 25 36 39 15 64 29 72 4 17 58 92 17 5 53 54 9 47 41 41 84 60 56 64 82 10 78 77 63 74 4 91 86 57 5 15 88 94 34 16 26 70
76 47 60 21 3 66 74 13 66 7 36 49 50 90 41 52 58 77 21 44 96 12 60 78 25 97 92 72 38 85 75 35 74 61 70 62 94 93 70 59 21 2 69 53 93 95 25 92 87 38 80 42 94 77 76 98 75 10 67 51 49 99 87 78 68 74 3 65 69 97 46 66 88 18
90 43 78 19 78 52 15 45 65 55 43 14 58 88 13 97 99 46 25 46 38 69 27 71 4 50 52 71 42 92 77 90 11 13 17 74 56 90 20 93 23 92 54 27 69 56 42 87 46 38 27 45 99 35 65 19 8 56 84 43 94 27 51 66 17 81 97 19 90 25 0 82 50 9 60
63 14 87 85 82 52 67 5 38 80 32 79 39 48 92 21 89 78 14 46 23 99 91 74 76 1 37 78 77 66 9 16 52 21 51 48 49 27 40 95 88 47 16 9 10 30 66 82 61 93 69 49 28 17 72 57 35 53 78 49 65 76 85 95 8 34 86 46 62 77 30 36 74 25 15 27
29 16 65 16 59 20 68 38 49 75 64 9 94 90 0 35 75 83 72 81 96 96 10 35 29 85 41 37 61 37 57 97 51 58 22 94 19 95 91 80 67 46 87 63 83 39 56 47 82 52 4 33 36 9 33 99 10 47 76 73 78 73 95 24 20 2 84 97 64 78 67 83 77 85 24 99 87
42 36 25 55 65 27 75 4 99 10 18 50 12 88 5 87 75 35 6 13 42 69 20 48 56 94 59 48 44 27 20 58 77 66 24 52 28 73 45 28 71 61 36 21 67 61 32 29 76 31 48 89 49 59 60 9 55 46 44 15 60 10 11 1 89 73 38 80 21 31 64 28 96 11 29 73 48 94
99 88 59 6 15 68 39 2 85 52 89 66 82 98 95 43 83 9 57 5 18 52 50 77 22 96 12 34 69 17 23 52 46 36 94 53 89 15 21 99 30 54 59 86 97 78 20 47 8 89 47 83 52 7 85 11 35 84 45 64 72 22 53 70 12 49 67 10 43 53 34 74 79 1 44 82 5 63 76
89 84 72 25 1 88 18 65 96 6 19 16 20 54 74 97 86 41 6 83 74 94 83 62 3 69 74 58 31 6 59 45 78 36 10 48 57 34 23 30 65 28 83 77 98 31 61 19 58 26 61 2 82 72 20 50 81 88 97 7 63 96 88 42 54 11 62 67 29 54 97 9 66 28 6 59 54 7 77 52
82 63 32 52 13 87 9 76 33 19 30 44 44 35 2 59 84 46 26 0 91 0 81 5 66 95 6 0 32 62 1 59 79 87 89 32 39 45 85 38 54 18 37 96 1 31 92 4 54 48 48 73 70 88 70 82 30 72 5 2 45 88 2 60 81 34 90 99 32 80 24 12 74 66 49 85 58 13 2 14 1
15 21 39 38 58 49 80 29 64 60 66 35 17 50 95 0 25 64 69 16 58 91 80 26 91 32 85 95 75 33 84 76 43 94 50 0 74 33 56 72 55 83 36 56 50 97 13 79 60 8 62 76 21 21 24 45 0 76 13 88 38 4 54 57 85 29 14 66 20 70 45 83 60 90 87 79 13 90 29 99 6 68
34 18 96 99 83 33 50 75 29 98 98 0 73 60 16 35 54 74 76 89 88 89 87 25 32 48 43 89 79 39 4 85 76 92 82 24 42 79 84 75 85 68 44 76 24 63 65 68 60 39 87 97 39 24 57 44 95 55 85 98 44 65 81 86 57 93 85 68 72 22 23 29 52 81 34 8 59 56 4 79 82 49 23
55 92 5 98 30 72 73 49 3 91 10 62 81 89 41 32 40 37 3 10 1 7 87 78 89 59 23 0 50 12 0 29 70 74 7 65 65 63 16 68 65 12 89 94 41 80 48 23 63 53 66 58 39 70 57 78 18 54 34 38 12 28 32 5 34 26 12 66 83 71 90 47 86 75 4 34 65 9 42 98 18 69 99 54
87 73 0 23 3 14 66 29 52 60 30 92 76 34 29 10 90 97 18 96 29 69 76 78 7 9 0 92 20 31 5 67 81 76 66 54 49 3 66 13 24 61 84 28 99 0 9 17 40 81 48 29 43 57 36 52 33 84 13 7 29 46 4 64 77 6 41 69 88 39 12 48 74 23 44 11 56 80 33 54 6 95 24 92 59
31 21 83 13 58 77 14 74 7 78 78 51 52 20 54 23 40 61 11 31 38 45 83 82 32 81 34 52 90 70 95 41 75 43 85 73 75 32 85 86 80 5 77 98 26 6 55 66 73 81 36 4 41 35 81 33 14 32 32 78 92 27 40 94 18 1 82 94 86 86 48 6 52 93 52 0 36 18 26 61 15 79 71 47 14 98
90 30 73 47 17 92 47 9 85 82 63 36 95 60 68 59 19 9 23 60 39 27 21 93 66 21 92 96 92 97 19 99 12 0 74 78 60 34 8 90 69 71 87 12 48 15 37 79 62 39 93 92 68 80 46 72 30 98 26 80 37 9 36 92 25 32 99 68 90 52 94 5 59 16 80 93 12 7 69 27 25 17 7 57 96 11 27
60 44 19 49 14 37 13 91 43 12 73 14 14 46 10 71 78 77 6 16 94 16 47 23 18 56 58 64 25 61 17 32 87 15 0 75 63 74 36 70 19 44 43 10 80 17 91 61 69 90 39 74 43 19 69 33 72 39 19 41 82 39 32 85 39 67 26 66 42 28 82 99 92 59 47 68 21 23 60 25 83 58 90 27 50 86 68 89
49 15 91 60 8 89 80 61 19 31 60 21 0 24 26 31 54 47 37 43 62 43 10 23 18 32 48 82 81 0 75 44 17 18 82 35 33 76 95 97 15 33 18 21 1 33 89 21 13 78 31 19 35 81 91 42 24 94 0 3 76 78 4 57 44 1 97 14 79 31 28 9 72 0 33 8 1 48 40 16 74 63 99 44 55 82 16 15 80
87 47 70 81 95 65 66 71 36 96 79 18 87 19 45 24 64 68 60 75 17 97 35 63 38 77 79 31 26 33 51 50 99 68 64 30 88 67 85 13 32 65 24 4 87 47 68 37 97 20 0 52 23 73 71 10 35 12 15 55 84 94 79 6 38 35 67 71 80 86 99 82 31 10 24 2 32 98 36 6 15 36 5 35 47 92 12 30 81 40
32 10 92 43 66 25 52 9 70 70 28 70 23 98 50 95 63 23 57 30 55 66 34 16 38 81 32 62 62 95 46 30 55 89 48 20 43 49 49 81 18 40 99 55 51 13 22 35 94 25 35 12 42 16 98 21 47 74 3 71 60 97 65 81 46 55 65 25 57 84 5 84 29 44 14 29 93 31 77 62 80 41 58 48 52 81 39 67 36 57 55
39 91 97 74 69 71 13 62 21 81 49 24 45 46 84 65 91 74 85 13 97 57 71 5 30 15 62 25 84 74 99 4 33 95 69 65 3 34 47 84 38 95 12 94 32 61 25 15 71 86 1 60 11 70 34 32 30 85 24 92 58 16 80 88 55 56 79 34 75 69 93 46 66 46 89 27 74 31 23 60 92 5 53 7 17 89 11 52 24 7 45 4
29 42 48 45 79 1 10 29 79 42 94 81 43 87 20 67 70 42 5 25 41 54 72 87 18 64 69 85 32 45 91 93 80 96 14 39 63 44 18 18 78 28 79 12 91 87 10 19 93 1 36 22 39 82 42 31 86 75 53 86 14 10 17 0 35 71 2 3 25 43 95 21 13 96 75 1 95 63 45 37 2 41 11 42 51 37 83 22 46 32 91 72 29
31 64 71 47 26 42 40 70 55 89 6 38 49 16 84 27 50 83 54 85 80 56 18 63 11 48 10 25 13 11 2 99 48 34 15 79 54 24 91 90 31 69 93 92 47 43 78 59 79 55 62 35 33 32 57 4 28 51 49 31 29 4 9 66 61 4 20 44 69 32 12 33 89 58 35 84 30 39 34 87 41 53 34 3 60 18 0 14 51 30 81 33 25 19
48 27 46 59 75 89 17 56 97 23 15 75 50 73 51 38 81 31 77 21 84 14 61 48 6 65 77 80 21 71 76 47 36 23 30 26 94 66 53 66 97 48 74 26 79 68 33 17 23 82 35 36 89 75 17 91 8 96 62 61 93 20 42 77 4 12 43 85 70 28 10 74 10 68 38 95 98 60 96 71 59 66 62 96 94 71 87 34 93 73 30 49 76 80 91
1 53 35 99 8 8 34 75 70 9 70 38 24 4 37 68 61 65 73 16 39 9 88 12 39 2 27 12 85 36 31 84 6 62 8 82 47 34 93 36 16 73 68 40 90 47 16 98 11 7 97 99 72 72 81 18 79 14 73 57 43 76 50 43 73 8 95 70 87 62 20 89 32 30 20 70 18 60 68 9 4 46 12 72 35 33 23 31 33 38 45 49 33 76 53 27
54 30 15 17 94 6 63 66 3 6 56 85 27 16 66 57 97 96 67 47 24 50 36 79 95 49 61 72 66 40 39 57 49 57 34 64 50 68 23 24 5 90 34 44 21 21 9 87 30 9 82 95 47 21 64 64 42 72 26 38 18 0 20 11 25 89 83 7 62 70 19 6 6 69 83 5 36 69 29 26 99 64 81 41 89 68 74 24 69 67 88 74 49 56 52 80 86
77 61 18 58 50 92 57 93 48 95 30 40 2 31 34 23 46 96 65 8 13 2 66 17 65 87 53 23 32 41 20 66 69 29 48 70 63 77 72 31 62 82 36 17 46 3 91 90 62 23 7 98 6 25 74 50 43 79 3 33 88 56 31 47 50 64 75 51 44 6 95 80 24 60 83 0 7 7 54 78 61 70 19 22 30 22 9 3 12 24 88 69 56 75 26 25 40 76
65 19 27 24 38 7 61 25 46 79 75 65 22 5 79 56 56 68 29 74 66 73 84 18 47 57 16 81 84 74 54 22 18 48 71 30 73 49 75 13 67 20 96 41 39 23 91 47 47 84 2 40 29 0 68 28 30 80 96 87 86 52 5 90 96 25 92 37 33 17 98 55 0 54 72 42 65 30 5 93 80 15 75 28 51 75 24 32 39 14 28 64 86 39 72 32 85 98 61
24 77 76 47 13 94 18 46 8 69 11 86 0 11 31 39 51 42 3 7 8 38 19 21 56 14 37 68 48 63 75 56 31 74 90 30 21 93 26 81 72 34 25 85 62 20 70 94 52 72 32 26 62 69 68 65 84 26 44 56 97 75 76 60 59 54 83 74 32 52 99 87 13 49 58 8 72 6 91 0 47 17 33 76 32 50 91 53 47 60 40 97 97 88 42 93 59 27 58 19